339
777
129
822
616
214
204
912
698
677
408
12
911
869
61
931
2
372
242
909
809
486
227
577
414
758
888
789
937
501
448
301
173
323
33
128
776
87
549
481
180
661
69
366
233
798
43
410
385
510
392
284
586
826
908
737
21
108
45
68
613
947
681
802
682
79
101
725
29
495
752
553
750
926
938
252
831
169
880
265
544
316
623
644
292
268
624
688
769
343
47
823
812
165
311
763
720
961
515
729
182
772
511
640
606
957
187
480
861
1
368
555
813
264
430
498
887
90
762
865
16
738
701
765
24
127
841
133
49
400
449
386
389
552
563
56
491
224
851
892
942
855
309
388
88
778
767
971
697
885
112
293
215
28
877
690
781
113
540
444
598
89
277
753
539
603
667
518
735
226
194
185
506
342
321
981
516
770
566
114
631
15
338
330
100
38
6
500
593
614
965
839
928
569
634
657
479
648
639
845
279
312
390
581
239
257
897
959
218
987
217
521
575
125
710
804
694
269
246
615
475
524
797
587
464
294
533
17
672
621
27
991
381
782
81
399
630
384
992
741
350
514
375
402
846
721
513
918
168
240
295
601
9
570
306
31
668
626
396
151
333
453
838
424
126
122
671
336
806
576
288
273
171
764
263
282
387
374
359
141
435
878
3
256
153
883
493
416
982
801
924
866
236
910
341
225
123
369
442
948
617
604
156
297
714
340
921
84
900
356
525
304
267
582
22
966
941
325
873
181
728
622
835
44
951
884
167
950
872
795
132
472
353
57
915
854
986
251
972
526
790
147
150
154
779
736
248
562
727
188
635
573
327
50
742
39
618
537
466
734
158
249
67
794
843
393
54
876
195
632
296
137
155
673
508
4
298
652
646
995
262
785
864
730
932
34
305
751
558
541
935
731
774
166
676
695
829
358
363
94
380
110
457
197
766
627
447
592
784
638
260
920
203
788
963
637
210
310
473
482
52
438
247
974
176
398
906
955
326
92
532
334
989
564
234
799
371
487
896
313
413
407
902
505
190
594
867
964
679
530
401
890
967
889
988
492
849
422
99
266
771
497
716
314
303
74
707
335
571
547
559
985
451
913
62
923
364
55
428
723
612
608
605
216
610
692
71
10
619
433
952
19
419
489
969
620
983
755
73
773
186
478
859
580
59
949
819
860
775
551
548
191
213
808
649
807
856
507
709
76
426
739
519
290
439
443
560
465
285
600
130
409
241
840
607
175
874
302
250
362
743
700
891
881
461
656
919
178
431
157
97
143
109
998
75
643
209
200
411
48
161
219
824
529
713
26
373
275
847
836
933
590
164
349
77
579
454
406
834
220
5
291
675
72
658
944
281
783
450
522
357
970
86
417
80
930
471
793
904
535
684
53
546
228
655
244
538
578
996
545
862
222
503
599
485
905
724
184
842
591
152
704
376
232
300
907
757
749
663
733
858
144
800
270
446
863
979
803
346
348
223
550
91
193
820
958
787
585
405
691
207
18
20
319
463
719
287
665
160
308
706
231
102
111
848
857
146
833
748
106
229
36
198
975
936
378
199
174
973
650
276
7
212
946
345
542
509
283
395
322
138
192
693
317
344
645
488
642
82
367
977
993
258
512
732
202
565
421
556
715
853
11
418
289
85
827
636
754
980
814
360
104
436
496
107
722
879
120
274
536
237
131
916
354
602
391
903
65
534
543
934
875
243
683
278
825
960
121
355
37
